 0.00  3898.9688  3303.7507
 0.50  3896.2864  3309.0227
 1.00  3893.1941  3314.9907
 1.50  3889.2856  3314.9595
 2.00  3886.7747  3312.4512
 2.50  3885.5137  3308.9258
 3.00  3885.3823  3298.6836
 3.50  3884.4907  3288.4497
 4.00  3882.6582  3276.9761
 4.50  3877.2368  3273.8823
 5.00  3870.7070  3270.5640
 5.50  3865.6750  3265.2341
 6.00  3861.4707  3263.5608
 6.50  3860.3560  3262.9490
 7.00  3861.1646  3266.0298
 7.50  3862.7507  3268.7429
 8.00  3866.3823  3269.8862
 8.50  3867.4797  3270.6123
 9.00  3872.7649  3271.5061
 9.50  3878.2468  3262.5283
10.00  3885.7134  3256.2708
10.50  3896.2324  3252.2886
11.00  3912.0405  3247.2073
11.50  3928.5332  3240.6763
12.00  3941.1987  3233.5884
12.50  3954.0359  3225.9109
13.00  3965.8638  3220.9600
13.50  3980.6743  3219.3052
14.00  3994.4973  3218.6348
14.50  4015.0085  3216.7075
15.00  4038.2070  3209.4124
15.50  4069.7727  3200.5640
16.00  4090.5383  3197.1699
16.50  4108.8281  3196.4165
17.00  4132.2773  3201.1682
17.50  4148.8823  3212.6633
18.00  4159.6636  3226.9211
18.50  4164.4619  3235.1792
19.00  4164.8896  3240.8665
19.50  4163.7280  3244.5581
20.00  4169.4053  3249.2109
20.50  4178.2583  3256.1572
21.00  4191.8145  3261.1709
21.50  4210.8096  3262.6743
22.00  4225.3096  3261.2029
22.50  4241.2495  3259.2493
23.00  4255.0728  3255.8699
23.50  4273.4155  3253.9370
24.00  4300.1904  3252.4038
24.50  4323.2476  3250.3982
25.00  4344.8394  3247.2258
25.50  4370.1714  3241.7375
26.00  4383.6748  3237.0027
26.50  4393.4746  3230.9360
27.00  4405.7168  3229.4160
27.50  4413.5498  3229.9114
28.00  4413.5269  3230.8716
28.50  4411.5205  3231.6523
29.00  4407.0088  3232.7520
29.50  4405.4780  3230.1821
30.00  4403.5151  3227.4360
30.50  4402.5449  3224.2798
31.00  4401.1748  3221.5981
31.50  4397.3037  3220.1023
32.00  4394.2402  3219.5737
32.50  4391.1265  3220.7200
33.00  4389.0972  3223.6687
33.50  4390.4214  3228.1665
34.00  4395.6489  3230.3110
34.50  4399.5474  3231.1167
35.00  4396.1055  3231.7695
35.50  4392.3911  3233.1304
36.00  4395.9736  3235.8625
36.50  4393.6606  3238.7168
37.00  4393.2295  3242.8601
37.50  4391.3545  3245.2236
38.00  4390.4570  3247.1992
38.50  4392.3477  3247.9243
39.00  4397.6660  3248.2466
39.50  4401.3613  3246.7864
40.00  4405.3525  3244.2837
40.50  4410.0073  3242.0757
41.00  4411.8960  3239.0374
41.50  4417.1143  3237.4785
42.00  4419.4956  3236.0383
42.50  4413.9453  3237.0637
43.00  4412.8198  3238.4285
43.50  4401.1992  3237.8955
44.00  4394.1831  3238.6404
44.50  4401.6411  3241.5945
45.00  4400.6763  3250.0691
45.50  4383.8940  3254.8870
46.00  4365.2739  3254.1997
46.50  4356.0967  3252.6274
47.00  4348.2144  3252.0986
47.50  4346.3535  3255.4536
48.00  4345.3228  3259.8950
48.50  4350.5483  3264.0706
49.00  4356.7241  3267.2844
49.50  4373.8833  3270.6294
50.00     0.0000     0.0000
50.50     0.4641     1.0319
51.00     1.8676     3.9309
51.50     3.6011     7.7106
52.00     5.3058    11.6170
52.50     6.9622    16.7498
53.00     8.7469    22.5748
53.50    10.6114    28.6610
54.00    12.2362    35.8035
54.50    13.8500    44.4726
55.00    15.4220    56.1359
55.50    16.8807    67.8799
56.00    18.9337    79.1374
56.50    21.4591    91.6639
57.00    24.3816    99.6327
57.50    27.8576   103.8560
58.00    31.3892   106.1079
58.50    34.2258   107.6496
59.00    36.1067   111.7446
59.50    38.8260   116.2699
60.00    42.0723   120.0884
60.50    44.6984   123.8009
61.00    47.4435   128.5116
61.50    48.9911   131.0811
62.00    51.9503   132.8912
62.50    54.2224   133.7492
63.00    56.6356   134.3535
63.50    59.3811   134.2481
64.00    62.3337   134.7635
64.50    66.6739   137.0326
65.00    70.8508   140.0912
65.50    73.9306   142.6704
66.00    76.0493   147.4567
66.50    77.8162   153.1843
67.00    79.5501   157.4439
67.50    80.7841   162.2774
68.00    82.1769   165.9727
68.50    83.7185   169.0429
69.00    84.9871   170.7962
69.50    85.9681   169.0963
70.00    87.4999   167.0823
70.50    89.0166   164.6529
71.00    90.1504   163.9456
71.50    92.4251   164.4968
72.00    95.3174   164.6625
72.50    97.7721   165.7820
73.00    99.2496   167.2394
73.50    99.6354   169.9648
74.00   101.1795   172.6595
74.50   103.7121   173.0489
75.00   105.9774   172.2469
75.50   108.5415   171.5872
76.00   111.9019   173.0069
76.50   116.2020   175.4729
77.00   120.1978   178.4240
77.50   123.1245   182.2981
78.00   125.7020   185.6075
78.50   128.8225   187.4989
79.00   131.3667   189.9241
79.50   133.0494   194.9595
80.00   135.5421   198.6373
80.50   139.4367   201.0905
81.00   144.1223   202.2655
81.50   147.4956   203.6095
82.00   150.4039   204.4665
82.50   152.8038   207.3568
83.00   155.7299   212.3849
83.50   158.4802   215.1583
84.00   160.9696   215.7140
84.50   161.7500   214.4364
85.00   160.6533   214.6801
85.50   159.9853   214.7603
86.00   160.7713   215.4447
86.50   163.2426   216.0481
87.00   167.0197   218.6435
87.50   171.1654   224.0164
88.00   177.0159   228.1192
88.50   181.6272   229.7395
89.00   185.2199   230.3459
89.50   187.6272   231.1344
90.00   190.1663   231.0890
90.50   193.1704   233.3152
91.00   195.1315   236.5804
91.50   196.2483   241.3034
92.00   196.0009   246.2738
92.50   194.6198   250.3641
93.00   193.2431   251.8668
93.50   192.5302   254.6085
94.00   192.3355   257.9594
94.50   194.4796   256.5790
95.00   198.9612   254.9036
95.50   204.0995   253.2501
96.00   209.1281   249.3028
96.50   212.2883   245.8135
97.00   214.2817   241.1669
97.50   217.6896   238.5573
98.00   222.1342   237.8234
98.50   225.7789   238.2518
99.00   227.3837   239.5628
99.50   230.0944   242.5765
100.00   232.9436   245.2004
100.50   234.6931   248.2496
101.00   236.1545   250.1218
101.50   237.7393   250.0861
102.00   240.3026   250.7206
102.50   244.3494   253.8316
103.00   246.3274   257.2261
103.50   248.2431   261.1884
104.00   251.3991   264.8174
104.50   255.7064   270.0475
105.00   259.6890   278.0381
105.50   265.3764   287.2926
106.00   272.0971   294.4473
106.50   278.9561   299.9787
107.00   285.3768   303.6346
107.50   292.3589   306.7994
108.00   298.3979   308.8222
108.50   303.7097   310.6815
109.00   307.8362   310.3582
109.50   310.8763   309.8008
110.00   314.6167   311.4641
110.50   319.0321   314.8067
111.00   322.6255   318.1330
111.50   324.7829   320.9046
112.00   326.2681   321.3348
112.50   327.5599   321.5059
113.00   326.7502   319.7330
113.50   325.0685   316.3520
114.00   323.8304   311.9127
114.50   322.6432   312.4852
115.00   321.6865   320.7238
115.50   323.2345   326.2321
116.00   327.6242   331.3795
116.50   331.9556   336.6281
117.00   332.3551   342.0966
117.50   330.7118   347.9312
118.00   329.5167   354.4178
118.50   327.6588   358.8968
119.00   325.9342   358.7315
119.50   324.3435   359.0212
120.00   324.0855   359.8474
120.50   325.5486   360.9755
121.00   329.2909   361.6371
121.50   334.1042   362.7055
122.00   338.4405   364.0317
122.50   341.2294   365.4774
123.00   341.0949   367.1044
123.50   341.5835   365.1371
124.00   342.6768   363.4290
124.50   343.7012   363.2052
125.00   343.7894   366.0284
125.50   343.3313   368.5013
126.00   342.1320   370.0027
126.50   341.7044   372.1003
127.00   341.1487   374.4544
127.50   340.6025   376.3466
128.00   340.1585   376.7366
128.50   341.6672   379.4409
129.00   341.8924   382.3661
129.50   340.1564   384.0584
130.00   337.6490   385.5267
130.50   336.4156   386.9118
131.00   336.3854   388.4243
131.50   338.5815   389.2602
132.00   339.8078   392.1829
132.50   339.2339   395.4317
133.00   340.5372   398.4542
133.50   343.4514   402.1915
134.00   345.9746   403.3297
134.50   347.9552   403.7053
135.00   349.4870   403.8165
135.50   350.6375   404.1090
136.00   353.8683   405.1007
136.50   357.3409   406.4222
137.00   361.7751   409.3158
137.50   366.7253   413.7901
138.00   370.1318   417.5517
138.50   370.2018   417.7442
139.00   367.9424   418.5923
139.50   365.7837   419.4533
140.00   363.6324   418.6713
140.50   360.3973   416.8697
141.00   356.8970   418.3924
141.50   355.7743   420.5948
142.00   355.8788   422.1462
142.50   356.2496   419.4953
143.00   357.3355   413.5468
143.50   360.1351   410.0335
144.00   360.4388   410.6938
144.50   360.0400   414.6354
145.00   359.7175   417.8570
145.50   361.2858   417.9857
146.00   361.8875   414.4145
146.50   362.3004   410.3194
147.00   362.8751   409.2373
147.50   364.2150   411.2820
148.00   365.0208   417.1015
148.50   366.1136   424.8541
149.00   367.8625   433.5842
149.50   372.0628   443.5617
150.00   378.6429   453.5732
150.50   385.7472   465.0904
151.00   389.9427   477.0433
151.50   393.8172   488.2581
152.00   398.3935   497.3334
152.50   401.6487   503.5731
153.00   405.3995   511.5203
153.50   408.1781   519.9724
154.00   410.9872   526.8770
154.50   411.9240   533.4697
155.00   411.9768   539.6710
155.50   411.7840   547.5822
156.00   412.6652   553.1906
156.50   414.0795   559.8805
157.00   414.6483   566.1432
157.50   415.1470   571.6077
158.00   415.3288   578.1849
158.50   416.5683   584.8204
159.00   417.0151   587.0638
159.50   417.7397   587.5006
160.00   419.8655   588.4786
160.50   421.9305   589.9343
161.00   424.8253   590.2479
161.50   428.3918   593.2256
162.00   430.1046   594.1243
162.50   431.3416   593.2922
163.00   433.4913   593.8099
163.50   435.7227   597.3193
164.00   438.9685   604.4599
164.50   441.7455   611.1870
165.00   444.3818   616.7268
165.50   446.7677   622.4987
166.00   448.6642   628.1889
166.50   446.9886   631.9686
167.00   444.3241   632.9379
167.50   443.2411   630.3729
168.00   441.7877   627.6176
168.50   441.0296   626.5031
169.00   441.8854   622.2621
169.50   445.1573   618.9828
170.00   447.3893   617.4626
170.50   450.2180   618.2072
171.00   453.5959   619.9196
171.50   456.5270   622.0901
172.00   459.9081   625.2545
172.50   465.0652   626.5823
173.00   471.1107   627.1509
173.50   476.7272   626.5206
174.00   482.7059   628.5589
174.50   487.6830   630.6402
175.00   492.4358   633.7834
175.50   500.2206   640.9994
176.00   507.2248   645.7685
176.50   515.9526   648.2556
177.00   521.7924   651.9727
177.50   526.3413   652.5155
178.00   530.9848   651.4041
178.50   535.4077   653.7384
179.00   541.7674   655.6298
179.50   546.2878   650.6307
180.00   549.9550   647.7923
180.50   552.2877   647.1175
181.00   553.2841   647.5602
181.50   554.0305   649.0172
182.00   557.5264   649.9035
182.50   564.4407   651.1408
183.00   571.1342   652.6930
183.50   577.8955   655.0087
184.00   582.7740   659.2783
184.50   585.5178   662.1027
185.00   589.0038   664.4022
185.50   592.9373   665.3661
186.00   599.1848   666.1056
186.50   604.7262   666.1479
187.00   607.6212   669.4365
187.50   609.5306   674.3242
188.00   611.4585   679.9361
188.50   612.6332   685.5028
189.00   614.1378   690.2224
189.50   616.5926   694.2467
190.00   619.0135   702.9037
190.50   621.5965   716.3092
191.00   623.3351   729.3877
191.50   622.7025   739.0527
192.00   621.7699   744.2757
192.50   622.0566   745.2328
193.00   622.1700   746.7679
193.50   623.1776   747.6506
194.00   622.3071   748.3029
194.50   622.4286   749.0970
195.00   621.5094   752.1530
195.50   623.7248   757.5860
196.00   628.3821   762.9642
196.50   634.3063   763.8846
197.00   639.9193   761.7731
197.50   644.5941   758.8002
198.00   648.6860   757.0839
198.50   653.4808   755.4428
199.00   659.7311   755.3242
199.50   666.6800   757.9336
200.00   672.1425   763.0010
200.50   677.9128   767.8737
201.00   683.1930   771.8679
201.50   686.9512   777.3568
202.00   690.3341   782.3243
202.50   693.4089   788.7438
203.00   695.3448   796.1786
203.50   696.2358   803.7692
204.00   699.0015   809.4001
204.50   701.7772   812.0549
205.00   705.2924   810.6674
205.50   709.5880   810.5990
206.00   714.4918   811.8019
206.50   720.7480   812.8322
207.00   730.6725   813.5766
207.50   741.5696   815.1380
208.00   750.2978   817.9479
208.50   757.6639   820.3628
209.00   764.3138   822.8983
209.50   767.6794   823.2072
210.00   769.6224   822.7446
210.50   770.9656   821.5784
211.00   770.4178   822.7579
211.50   769.2240   825.3911
212.00   767.3210   830.9426
212.50   762.0263   835.7106
213.00   759.1484   840.4295
213.50   756.3085   844.1541
214.00   753.9459   847.5408
214.50   752.9439   849.7587
215.00   753.2789   850.5111
215.50   754.5749   850.1827
216.00   756.9213   849.7249
216.50   759.5399   852.9232
217.00   761.9056   856.3541
217.50   763.7326   858.6401
218.00   765.9973   859.0327
218.50   767.5886   856.8945
219.00   768.1531   853.4004
219.50   768.7217   851.0828
220.00   770.1877   846.4337
220.50   771.1904   840.6087
221.00   771.7938   838.9380
221.50   772.7237   840.6843
222.00   774.7066   844.1331
222.50   779.1180   847.7009
223.00   784.5817   847.5266
223.50   789.6859   845.4797
224.00   797.6439   846.9034
224.50   803.8093   850.6152
225.00   806.4893   854.2840
225.50   807.3094   857.0065
226.00   808.9503   858.3742
226.50   809.4479   858.9604
227.00   809.6591   861.0160
227.50   810.3787   864.3986
228.00   811.7555   867.4845
228.50   814.1396   871.0534
229.00   817.8140   870.6729
229.50   820.1982   871.2283
230.00   820.7446   871.0081
230.50   819.2195   872.1483
231.00   818.1498   872.0135
231.50   819.9601   871.8590
232.00   824.2062   871.7755
232.50   830.2789   870.2889
233.00   837.2831   872.2094
233.50   845.7623   873.2873
234.00   853.3176   873.8179
234.50   859.2626   873.9196
235.00   864.6337   873.9799
235.50   869.4733   872.5977
236.00   874.8373   871.9705
236.50   879.3752   870.8506
237.00   882.6011   870.8161
237.50   885.3893   870.2446
238.00   888.4157   870.7629
238.50   891.7849   869.9583
239.00   894.9355   870.0589
239.50   897.4291   870.6868
240.00   898.4318   874.0075
240.50   896.0479   878.1776
241.00   894.4948   879.6078
241.50   893.0072   881.7871
242.00   894.0818   881.6605
242.50   900.3680   879.4611
243.00   907.4920   877.7218
243.50   914.4921   876.2639
244.00   920.5414   877.1019
244.50   926.3611   876.4601
245.00   927.4719   874.2430
245.50   925.1849   870.9371
246.00   924.5243   869.3461
246.50   925.3651   870.1995
247.00   927.2789   870.6250
247.50   930.2781   870.8983
248.00   935.1144   872.1926
248.50   939.3791   874.4727
249.00   943.9604   877.4618
249.50   946.9838   878.7588
250.00   950.4616   879.9845
250.50   954.1511   881.1136
251.00   956.2632   883.0828
251.50   958.6317   885.6049
252.00   962.1784   887.3831
252.50   966.1506   889.8628
253.00   970.5277   894.1364
253.50   971.7101   899.6013
254.00   974.7760   902.8464
254.50   978.5607   905.1898
255.00   981.4699   907.7142
255.50   983.4200   910.6839
256.00   983.7142   913.7206
256.50   990.4028   916.5538
257.00   995.6766   919.0430
257.50   999.7834   919.5213
258.00  1003.2109   918.6582
258.50  1002.9449   920.1252
259.00   999.9147   918.3171
259.50   992.6265   919.9808
260.00   984.9177   921.7524
260.50   976.9030   923.5192
261.00   972.1638   921.1071
261.50   971.0410   918.4409
262.00   972.8450   915.6437
262.50   972.2946   914.7412
263.00   970.7775   915.1566
263.50   968.9557   916.6310
264.00   968.0501   919.8817
264.50   969.4704   921.9874
265.00   973.1226   923.9209
265.50   976.3229   922.6785
266.00   977.2084   922.5231
266.50   976.3996   924.0438
267.00   975.7238   927.3489
267.50   974.6380   930.3239
268.00   971.8881   933.2819
268.50   967.6866   932.7285
269.00   965.1356   931.1974
269.50   966.1473   930.2402
270.00   965.8117   932.1735
270.50   966.9108   936.0879
271.00   965.9993   937.9554
271.50   964.3636   938.1263
272.00   962.3700   937.9339
272.50   958.7692   939.4769
273.00   953.5720   939.8710
273.50   945.8329   940.2303
274.00   939.3496   939.6942
274.50   938.6125   938.3092
275.00   941.8647   935.7948
275.50   945.6606   934.0438
276.00   948.3680   932.6632
276.50   954.8627   932.1873
277.00   962.3077   931.8286
277.50   965.5922   933.2169
278.00   964.7248   937.0480
278.50   963.8202   939.9241
279.00   963.3364   943.4786
279.50   961.6849   946.6535
280.00   960.0637   950.7615
280.50   957.6832   955.2266
281.00   955.4003   958.1727
281.50   954.5965   961.5897
282.00   954.1336   964.2623
282.50   954.9073   964.1959
283.00   956.1206   965.4972
283.50   958.7899   968.9470
284.00   961.6740   974.5941
284.50   964.8956   979.3461
285.00   969.9901   977.9930
285.50   973.1491   976.5143
286.00   974.5755   974.9367
286.50   976.0964   974.1865
287.00   975.8927   975.8301
287.50   975.7506   979.2043
288.00   974.8575   981.9056
288.50   977.2998   982.8204
289.00   979.4095   984.2570
289.50   979.0402   989.0339
290.00   978.1893   992.4727
290.50   978.5954   993.7694
291.00   979.1976   996.1017
291.50   982.2645   998.9662
292.00   983.0807  1001.2801
292.50   981.1097  1004.1289
293.00   978.9925  1005.8874
293.50   977.0487  1006.9828
294.00   975.6613  1007.9097
294.50   973.3561  1008.4360
295.00   974.8999  1004.5794
295.50   979.9545   997.8895
296.00   986.3376   995.8080
296.50   992.2656   995.0207
297.00   998.0962   993.3450
297.50  1006.4019   989.8161
298.00  1011.7303   987.0415
298.50  1014.9081   987.5128
299.00  1016.4153   990.3172
299.50  1018.6740   992.9116
300.00  1021.6732   996.5597
300.50  1023.2189   998.6940
301.00  1025.1096  1000.1033
301.50  1025.5087   998.4905
302.00  1026.6482   994.8579
302.50  1029.5408   993.1677
303.00  1031.4247   995.5363
303.50  1032.6863   999.6414
304.00  1033.0059  1005.0438
304.50  1033.8093  1013.0465
305.00  1035.3748  1021.2788
305.50  1037.5576  1029.8273
306.00  1040.6407  1037.6000
306.50  1043.2727  1044.9401
307.00  1045.3030  1050.8650
307.50  1051.4288  1053.3086
308.00  1059.9233  1054.0580
308.50  1067.1140  1057.0106
309.00  1072.9376  1061.6990
309.50  1079.3669  1070.9578
310.00  1087.8821  1074.1140
310.50  1097.7891  1074.3890
311.00  1103.0952  1068.4625
311.50  1103.6710  1066.2629
312.00  1106.5724  1063.7146
312.50  1108.7760  1061.9930
313.00  1111.1814  1059.6019
313.50  1113.3557  1058.0072
314.00  1113.5015  1056.4841
314.50  1114.7592  1057.4650
315.00  1117.0880  1059.0007
315.50  1120.6492  1060.1144
316.00  1121.6974  1061.6793
316.50  1121.1470  1059.2969
317.00  1121.4426  1056.4021
317.50  1123.5349  1054.2588
318.00  1124.7206  1052.8446
318.50  1124.8987  1051.5012
319.00  1128.1036  1048.2156
319.50  1127.4075  1047.7083
320.00  1128.7375  1049.4470
320.50  1132.5314  1049.1165
321.00  1137.4280  1049.1154
321.50  1146.1381  1048.6823
322.00  1154.2910  1047.6293
322.50  1160.2921  1045.5543
323.00  1166.0292  1044.3135
323.50  1169.9675  1045.0988
324.00  1171.6080  1048.4622
324.50  1173.2419  1051.6125
325.00  1178.0779  1055.2666
325.50  1182.6130  1061.9235
326.00  1187.3070  1069.7220
326.50  1190.8806  1077.5002
327.00  1195.9022  1085.8407
327.50  1200.5978  1096.3141
328.00  1205.5049  1106.0554
328.50  1212.0461  1113.3777
329.00  1219.7510  1115.4834
329.50  1230.1299  1117.5070
330.00  1240.7719  1122.5713
330.50  1247.1377  1130.1359
331.00  1253.2024  1139.1973
331.50  1261.1655  1146.3138
332.00  1266.7312  1148.7684
332.50  1271.4625  1150.7848
333.00  1276.3188  1155.0040
333.50  1283.0446  1157.9127
334.00  1287.4132  1162.4923
334.50  1292.3267  1167.9067
335.00  1297.4609  1171.6838
335.50  1295.1149  1171.6000
336.00  1290.3533  1171.0557
336.50  1288.2777  1170.8955
337.00  1290.1182  1171.5771
337.50  1294.2839  1171.1335
338.00  1297.7714  1171.9587
338.50  1296.7390  1173.1710
339.00  1294.3287  1174.7520
339.50  1291.1652  1175.0774
340.00  1289.6501  1175.6165
340.50  1290.8389  1177.3894
341.00  1292.5276  1179.2963
341.50  1291.7343  1181.6882
342.00  1288.2429  1183.5017
342.50  1285.7017  1183.2454
343.00  1283.2904  1184.8455
343.50  1279.2981  1185.9908
344.00  1277.1532  1189.1982
344.50  1276.3052  1194.3910
345.00  1275.1938  1199.1804
345.50  1272.8507  1198.0686
346.00  1268.0500  1195.5076
346.50  1255.3934  1197.3848
347.00  1242.5486  1205.7946
347.50  1234.1509  1215.3290
348.00  1229.8320  1222.9211
348.50  1231.9575  1225.6320
349.00  1235.4099  1223.0598
349.50  1236.2112  1223.0597
350.00  1238.4683  1223.4817
350.50  1242.0098  1228.1899
351.00  1247.2578  1233.8799
351.50  1250.4315  1239.9242
352.00  1254.2410  1245.1179
352.50  1259.1169  1252.0963
353.00  1263.3297  1258.8064
353.50  1265.8647  1264.4684
354.00  1266.0259  1270.1047
354.50  1264.6991  1274.9789
355.00  1263.1652  1283.3179
355.50  1259.1576  1297.2339
356.00  1256.8365  1310.6239
356.50  1253.9878  1321.9504
357.00  1252.3474  1328.9404
357.50  1249.0499  1333.0138
358.00  1245.1715  1336.0422
358.50  1246.2582  1335.6356
359.00  1248.3004  1335.4225
359.50  1251.9441  1336.5979
360.00  1251.4695  1338.2131
360.50  1249.9153  1340.5739
361.00  1250.3314  1342.7300
361.50  1251.6702  1345.0117
362.00  1251.7866  1349.0544
362.50  1252.2429  1355.6501
363.00  1254.2205  1361.1078
363.50  1255.1521  1364.3821
364.00  1255.7825  1367.8125
364.50  1256.4672  1371.7053
365.00  1258.2726  1378.3696
365.50  1260.7249  1384.3928
366.00  1260.0029  1387.3250
366.50  1257.0525  1388.7358
367.00  1254.9557  1389.3329
367.50  1252.1409  1388.3420
368.00  1249.9059  1386.8036
368.50  1248.2727  1388.0349
369.00  1248.8683  1390.7926
369.50  1254.2157  1390.1699
370.00  1260.9777  1389.4352
370.50  1268.9700  1389.9031
371.00  1272.8851  1390.8831
371.50  1275.9475  1391.0000
372.00  1280.4078  1392.2153
372.50  1284.6013  1393.9695
373.00  1288.6046  1400.3722
373.50  1288.6228  1406.9792
374.00  1287.1453  1414.1926
374.50  1287.0745  1418.8267
375.00  1290.6013  1422.1746
375.50  1291.2942  1424.2566
376.00  1292.3370  1426.3225
376.50  1294.9429  1430.6377
377.00  1295.8802  1435.3726
377.50  1296.5548  1438.2849
378.00  1297.1189  1438.0082
378.50  1292.6515  1438.8081
379.00  1289.7063  1442.6184
379.50  1290.5850  1449.4773
380.00  1295.7538  1452.3954
380.50  1302.8683  1448.9667
381.00  1309.3613  1443.4124
381.50  1314.2720  1436.7323
382.00  1318.0193  1433.9127
382.50  1321.3196  1433.2761
383.00  1325.5692  1431.3979
383.50  1330.1171  1428.6398
384.00  1334.2948  1427.0254
384.50  1337.2028  1424.7430
385.00  1343.0833  1422.5183
385.50  1349.1401  1419.8140
386.00  1353.0880  1416.9854
386.50  1358.3318  1411.8341
387.00  1363.9763  1409.7755
387.50  1370.6099  1410.5966
388.00  1377.0989  1410.9496
388.50  1383.2992  1408.2874
389.00  1389.9980  1403.3743
389.50  1397.1516  1400.2120
390.00  1405.8391  1398.6487
390.50  1411.6069  1398.7922
391.00  1415.8005  1401.1559
391.50  1418.8552  1406.5480
392.00  1424.8812  1414.7469
392.50  1430.6287  1423.0889
393.00  1435.5022  1433.5007
393.50  1440.6176  1443.9633
394.00  1446.2258  1452.3798
394.50  1451.6697  1459.8225
395.00  1458.5281  1465.1655
395.50  1471.4929  1470.9358
396.00  1481.6676  1477.7710
396.50  1484.5651  1480.6615
397.00  1486.1134  1481.3972
397.50  1489.5747  1479.6926
398.00  1492.0793  1476.8042
398.50  1493.3929  1475.9043
399.00  1494.0208  1474.4534
399.50  1491.2765  1471.8218
400.00  1486.7515  1469.6958
400.50  1483.1348  1469.8435
401.00  1480.5201  1472.0011
401.50  1477.1848  1474.3551
402.00  1470.1428  1476.9376
402.50  1463.3743  1479.2944
403.00  1455.1873  1480.9048
403.50  1449.6351  1475.5347
404.00  1449.2312  1466.4285
404.50  1446.9312  1459.8552
405.00  1443.2385  1453.8962
405.50  1438.0171  1450.8772
406.00  1432.5737  1451.6978
406.50  1431.6475  1451.2439
407.00  1434.1990  1449.8901
407.50  1437.0911  1450.2244
408.00  1442.2542  1453.0822
408.50  1446.8123  1457.5798
409.00  1453.9667  1460.7698
409.50  1457.7067  1465.7372
410.00  1458.9402  1468.9945
410.50  1458.4255  1469.1077
411.00  1455.3284  1471.0088
411.50  1451.9445  1474.9205
412.00  1451.8035  1479.2759
412.50  1452.2883  1482.2766
413.00  1452.8643  1482.0427
413.50  1455.2852  1479.8383
414.00  1455.4849  1478.0004
414.50  1456.3621  1474.5809
415.00  1458.9564  1470.4102
415.50  1459.6859  1468.0697
416.00  1459.5852  1471.9590
416.50  1461.8485  1474.6481
417.00  1464.1791  1476.5524
417.50  1482.1958  1479.9053
418.00  1486.7185  1484.3448
418.50  1491.0956  1492.6106
419.00  1498.9724  1494.8560
419.50  1507.1584  1500.6091
420.00  1514.7322  1505.6630
420.50  1521.8759  1510.0065
421.00  1530.6544  1514.1708
421.50  1539.6575  1515.8612
422.00  1546.8997  1519.8879
422.50  1553.1982  1523.9230
423.00  1560.7809  1529.4635
423.50  1570.5300  1539.8290
424.00  1578.0839  1544.3562
424.50  1585.3379  1548.4435
425.00  1597.1018  1552.5779
425.50  1605.7810  1559.8571
426.00  1618.2296  1566.6072
426.50  1630.0867  1575.0559
427.00  1636.1389  1587.2323
427.50  1640.7581  1596.0146
428.00  1645.6848  1599.8032
428.50  1647.8549  1604.3279
429.00  1651.7498  1607.6625
429.50  1653.0706  1609.5897
430.00  1651.0159  1615.0769
430.50  1649.2822  1621.8530
431.00  1647.5271  1628.4949
431.50  1646.2107  1632.2592
432.00  1645.6891  1634.9014
432.50  1645.0739  1637.4896
433.00  1644.3824  1640.4150
433.50  1644.2396  1642.0989
434.00  1646.5013  1644.1399
434.50  1647.8069  1646.1384
435.00  1647.0701  1653.9890
435.50  1645.2574  1664.3724
436.00  1643.7395  1673.2926
436.50  1642.0225  1678.1514
437.00  1639.8760  1682.5426
437.50  1638.3685  1688.5758
438.00  1640.8210  1692.8541
438.50  1643.2438  1698.5511
439.00  1646.0029  1706.4736
439.50  1645.1042  1709.9836
440.00  1644.1746  1710.2328
440.50  1641.4561  1714.4539
441.00  1640.7092  1716.7507
441.50  1642.2734  1717.8430
442.00  1647.1846  1718.7646
442.50  1652.5125  1722.1338
443.00  1654.6299  1725.7236
443.50  1659.5748  1729.1965
444.00  1666.6667  1735.1188
444.50  1671.3207  1740.9385
445.00  1672.5312  1746.5312
445.50  1670.2451  1749.0297
446.00  1668.1301  1749.3500
446.50  1664.9974  1748.2526
447.00  1658.7084  1745.1726
447.50  1654.0768  1743.9290
448.00  1652.6545  1740.5427
448.50  1653.5322  1738.3418
449.00  1653.6394  1735.2717
449.50  1650.7269  1731.1068
450.00  1648.9080  1727.8137
450.50  1648.0164  1726.1853
451.00  1647.6826  1724.4531
451.50  1649.2375  1726.9746
452.00  1649.9283  1729.1891
452.50  1649.0205  1731.7002
453.00  1647.4030  1734.2484
453.50  1644.2161  1737.3580
454.00  1642.5844  1738.7457
454.50  1638.6562  1740.9557
455.00  1628.7394  1744.6611
455.50  1619.2659  1748.5422
456.00  1613.6185  1756.1152
456.50  1610.4169  1767.0485
457.00  1609.7098  1775.0505
457.50  1609.3333  1782.1140
458.00  1608.2721  1783.8287
458.50  1612.4624  1792.7764
459.00  1618.0784  1801.4127
459.50  1622.2748  1810.8571
460.00  1625.6842  1819.3353
460.50  1628.4177  1824.7590
461.00  1634.0137  1828.8479
461.50  1639.0217  1830.4674
462.00  1644.7903  1835.1638
462.50  1653.2312  1839.4705
463.00  1657.8975  1845.0885
463.50  1660.3359  1853.5596
464.00  1666.3822  1862.6686
464.50  1673.9229  1873.9961
465.00  1678.5883  1889.7908
465.50  1677.6439  1911.7981
466.00  1675.4557  1930.4049
466.50  1678.1960  1941.0413
467.00  1677.6840  1949.5664
467.50  1676.8582  1954.8340
468.00  1675.2979  1961.6106
468.50  1674.6656  1967.8486
469.00  1674.7865  1971.7506
469.50  1672.6422  1975.1033
470.00  1672.3695  1978.2031
470.50  1674.6881  1980.3650
471.00  1675.6497  1978.8281
471.50  1674.8578  1977.7090
472.00  1674.5385  1976.1785
472.50  1678.1335  1973.9500
473.00  1683.6117  1971.0164
473.50  1689.8737  1970.2385
474.00  1692.9519  1973.4410
474.50  1693.3461  1982.4436
475.00  1693.0938  1989.1602
475.50  1692.4932  1990.9987
476.00  1690.8698  1995.2963
476.50  1691.6350  1996.9150
477.00  1694.7888  1995.8353
477.50  1701.3795  1998.7748
478.00  1710.5404  2003.7666
478.50  1717.4701  2010.5159
479.00  1717.5754  2010.7484
479.50  1712.9299  2007.6217
480.00  1710.1833  2005.4642
480.50  1709.6526  2003.6725
481.00  1708.4340  2001.7992
481.50  1708.5496  1998.0114
482.00  1708.6090  1992.6465
482.50  1706.9662  1986.8824
483.00  1704.6912  1983.1390
483.50  1704.5002  1982.3098
484.00  1703.6633  1981.3344
484.50  1704.2166  1979.6550
485.00  1705.9934  1975.0242
485.50  1708.0905  1970.3850
486.00  1710.1670  1965.3079
486.50  1713.1482  1959.1986
487.00  1713.7158  1959.5344
487.50  1713.4163  1964.9646
488.00  1714.1244  1971.5059
488.50  1715.3123  1973.0076
489.00  1719.4537  1970.3330
489.50  1725.2094  1965.0925
490.00  1729.7211  1959.2721
490.50  1731.1416  1957.8730
491.00  1731.8469  1956.6881
491.50  1731.5211  1954.8196
492.00  1732.0498  1951.9095
492.50  1732.4574  1946.1770
493.00  1734.8528  1936.3396
493.50  1742.0817  1927.3018
494.00  1749.5834  1918.9496
494.50  1754.0328  1917.2322
495.00  1755.3311  1914.5754
495.50  1755.0374  1913.8469
496.00  1755.6361  1911.6145
496.50  1751.9172  1910.7607
497.00  1749.8187  1911.9319
497.50  1750.0365  1915.3535
498.00  1750.1755  1917.5276
498.50  1753.0016  1919.5406
499.00  1757.9504  1922.5967
499.50  1763.1508  1926.4651
500.00  1765.9290  1928.0256
