 0.50000  99.639160   4.141199 103.780357
 1.00000 100.183693   3.644042 103.827736
 1.50000  86.791420   3.119413  89.910835
 2.00000  81.912155   2.929998  84.842155
 2.50000  78.680214   2.763945  81.444168
 3.00000  76.564308   2.656277  79.220581
 3.50000  74.912270   2.572693  77.484970
 4.00000  73.729881   2.491547  76.221428
 4.50000  72.646721   2.446382  75.093102
 5.00000  71.780067   2.398246  74.178322
 5.50000  70.813568   2.354354  73.167923
 6.00000  70.023590   2.319366  72.342964
 6.50000  69.470345   2.320222  71.790565
 7.00000  69.262115   2.313349  71.575462
 7.50000  68.613197   2.273826  70.887032
 8.00000  67.980095   2.254878  70.234970
 8.50000  67.489670   2.235040  69.724716
 9.00000  67.079010   2.221953  69.300957
 9.50000  66.563858   2.209720  68.773575
10.00000  66.179337   2.159283  68.338623
10.50000  65.819214   2.153909  67.973122
11.00000  65.529160   2.150927  67.680092
11.50000  65.263763   2.146015  67.409775
12.00000  64.952408   2.132681  67.085091
12.50000  64.788872   2.121189  66.910057
13.00000  64.487755   2.123765  66.611526
13.50000  64.237602   2.126146  66.363747
14.00000  64.042702   2.135039  66.177742
14.50000  63.825916   2.141192  65.967110
15.00000  63.585094   2.127918  65.713013
15.50000  63.536926   2.140396  65.677322
16.00000  63.344559   2.132569  65.477127
16.50000  63.180889   2.110147  65.291039
17.00000  63.004318   2.098742  65.103058
17.50000  62.869240   2.091830  64.961067
18.00000  62.761292   2.099339  64.860634
18.50000  62.550598   2.101111  64.651711
19.00000  62.481030   2.112601  64.593636
19.50000  62.333603   2.102450  64.436050
20.00000  62.135231   2.095337  64.230568
20.50000  62.009022   2.103106  64.112129
21.00000  61.810665   2.075642  63.886307
21.50000  61.694862   2.071383  63.766243
22.00000  61.607506   2.049275  63.656784
22.50000  61.452499   2.046174  63.498672
23.00000  61.566952   2.053898  63.620850
23.50000  61.268253   2.041190  63.309444
24.00000  61.031258   2.023227  63.054485
24.50000  60.883232   2.026016  62.909248
25.00000  60.794205   2.032594  62.826797
25.50000  60.684704   2.044959  62.729664
26.00000  60.577808   2.037943  62.615749
26.50000  60.517326   2.032269  62.549595
27.00000  60.206070   2.012285  62.218357
27.50000  60.058094   2.012311  62.070400
28.00000  59.971287   2.021373  61.992661
28.50000  59.836033   2.006471  61.842503
29.00000  59.710342   2.009059  61.719402
29.50000  59.639580   1.998011  61.637589
30.00000  59.529308   1.989689  61.518997
30.50000  59.401047   2.000675  61.401722
31.00000  59.344761   2.010418  61.355175
31.50000  59.203072   2.003860  61.206932
32.00000  59.079510   1.991730  61.071239
32.50000  59.052330   2.009343  61.061672
33.00000  59.047100   2.016600  61.063702
33.50000  59.017090   2.007036  61.024124
34.00000  58.977486   1.999879  60.977364
34.50000  58.916363   2.008684  60.925045
35.00000  58.853054   2.009748  60.862804
35.50000  58.718227   1.991608  60.709839
36.00000  58.681099   1.990172  60.671272
36.50000  58.507099   1.962615  60.469715
37.00000  58.502316   1.969399  60.471714
37.50000  58.433884   1.974802  60.408684
38.00000  58.469028   1.971148  60.440174
38.50000  58.435059   1.982069  60.417126
39.00000  58.214546   1.968882  60.183430
39.50000  58.161160   1.984753  60.145916
40.00000  58.073048   1.986492  60.059536
40.50000  57.985622   1.958455  59.944080
41.00000  57.815506   1.954965  59.770470
41.50000  57.735889   1.945835  59.681721
42.00000  57.611160   1.960783  59.571945
42.50000  57.553299   1.956564  59.509865
43.00000  57.438519   1.944374  59.382889
43.50000  57.319088   1.938396  59.257484
44.00000  57.278000   1.925981  59.203979
44.50000  57.187611   1.926989  59.114601
45.00000  57.054653   1.929375  58.984028
45.50000  56.937752   1.932660  58.870411
46.00000  56.912891   1.947879  58.860771
46.50000  56.901787   1.941889  58.843678
47.00000  56.820110   1.944254  58.764362
47.50000  56.782467   1.956478  58.738945
48.00000  56.646145   1.939469  58.585617
48.50000  56.593498   1.942840  58.536335
49.00000  56.564938   1.953002  58.517941
49.50000  56.516197   1.961546  58.477745
50.00000  56.518227   1.960326  58.478554
50.50000  56.527969   1.991125  58.519096
51.00000  56.373001   1.964473  58.337475
51.50000  56.363316   1.971695  58.335011
52.00000  56.250114   1.919417  58.169533
52.50000  56.298595   1.934581  58.233177
53.00000  56.259670   1.920414  58.180088
53.50000  56.184772   1.905889  58.090660
54.00000  56.063763   1.879669  57.943428
54.50000  56.023277   1.905288  57.928570
55.00000  55.980396   1.922427  57.902824
55.50000  55.938583   1.925388  57.863968
56.00000  55.878407   1.924433  57.802841
56.50000  55.821529   1.937685  57.759216
57.00000  55.681324   1.930856  57.612179
57.50000  55.615032   1.927477  57.542507
58.00000  55.556961   1.915289  57.472248
58.50000  55.472393   1.898712  57.371101
59.00000  55.438374   1.884287  57.322659
59.50000  55.428951   1.865769  57.294720
60.00000  55.356953   1.858611  57.215565
60.50000  55.291031   1.843817  57.134850
61.00000  55.249508   1.829018  57.078529
61.50000  55.184982   1.833857  57.018841
62.00000  55.142460   1.855585  56.998043
62.50000  54.988316   1.864514  56.852829
63.00000  54.912804   1.891071  56.803879
63.50000  54.971233   1.886573  56.857803
64.00000  54.922318   1.879543  56.801865
64.50000  54.902691   1.883076  56.785767
65.00000  54.763767   1.836879  56.600643
65.50000  54.634758   1.831687  56.466446
66.00000  54.488064   1.828205  56.316273
66.50000  54.170097   1.769325  55.939419
67.00000  54.102314   1.777880  55.880196
67.50000  54.047428   1.779642  55.827072
68.00000  53.982700   1.795403  55.778099
68.50000  53.927429   1.783325  55.710754
69.00000  53.887150   1.789546  55.676697
